image: mymap3.pgm
resolution: 0.0500
origin: [-51.224998, -51.224998, 0.000000]
negate: 0
occupied_thresh: 0.65
free_thresh: 0.196
